0 0.1810568651041667 0.8041529902777778 0.16090790416666667 0.2306317361111111
0 0.21570333671875 0.3479277574074074 0.06692802135416667 0.08629074074074075
0 0.46252096484375 0.14762593703703705 0.016042677604166698 0.027399401851851846
0 0.29048911744791667 0.21266140462962965 0.033228842187500024 0.047059292592592596
0 0.5564774515625 0.2435431375 0.02899494166666668 0.049198786111111094
0 0.6395428023437499 0.17423783796296297 0.022420565104166693 0.029584418518518504
0 0.4977663518229167 0.15627386342592595 0.01696329114583334 0.029052819444444454
0 0.46164978333333334 0.1614710212962963 0.019736703124999977 0.033520790740740755
0 0.22113705468750003 0.2789353402777778 0.04893069270833334 0.07385618425925926
0 0.5478230479166667 0.19712169814814814 0.02799078645833338 0.04646402962962963
0 0.23377464583333332 0.18488118194444444 0.03307507812499999 0.04359142129629629
0 0.48967479088541666 0.1402408384259259 0.01555131302083333 0.026758956481481487
0 0.315744765625 0.16440874074074074 0.023948319791666665 0.03084201111111111
0 0.3477701028645833 0.2503251819444445 0.08136765156250002 0.055174989814814814
0 0.4954911388020833 0.1861367050925926 0.02238155989583331 0.03822831018518518
0 0.2620453674479167 0.2383897078703704 0.04360164010416669 0.05866963425925928
0 0.5195036572916667 0.12960969444444445 0.015822029166666654 0.02530932962962964
0 0.21486160729166667 0.13626744351851852 0.022724612500000005 0.027219814814814818
0 0.0034652903645833334 0.32752008796296295 0.006930580729166667 0.07115029259259258
0 0.5305582205729167 0.15192086944444447 0.019523970312499965 0.02649558703703705
0 0.4679545880208333 0.12454733657407407 0.016493574999999972 0.03007603425925926