0 0.14188672317708337 0.1695224060185185 0.025508856770833345 0.03667630833333333
0 0.72455174140625 0.4106441074074074 0.14077218385416662 0.09822336851851851
0 0.2923945268229167 0.21608153425925927 0.0350279171875 0.04342874629629631
0 0.1795990546875 0.2661698662037037 0.04947571770833334 0.06752887314814812
0 0.33321035703125 0.1782206212962963 0.02301448177083335 0.0369466425925926
0 0.3008464494791667 0.16966135277777777 0.02403030416666668 0.036125564814814826
0 0.21197513776041665 0.29677351481481484 0.0501148703125 0.0802944888888889
0 0.25332211640624996 0.1756368287037037 0.029091532812500008 0.041252729629629614
0 0.24960588619791668 0.3567390018518519 0.09008342447916666 0.09034471851851851
0 0.31150970442708326 0.1908267125 0.028413136979166666 0.04263718240740741
0 0.10858982005208334 0.27614730509259255 0.052571431770833336 0.0593377287037037