0 0.21178249531249999 0.24245272731481482 0.03991173124999999 0.05170563611111113
0 0.09752113411458335 0.23654939120370372 0.05154786927083334 0.06111588611111108
0 0.14425861458333333 0.21622033333333332 0.04058922916666665 0.04648835925925925
0 0.24235246979166666 0.18030745138888887 0.02518211979166667 0.03894010462962964
0 0.23654576927083332 0.2679139032407407 0.046367009375 0.05796780092592594
0 0.16126227369791668 0.23250512731481485 0.04203847239583333 0.05264207314814816
0 0.5682927291666666 0.8310669791666667 0.12534640625000001 0.2423030712962963
0 0.13875811093749998 0.2519164611111111 0.04984393125000001 0.06331292592592593
0 0.2768020869791667 0.16189216296296297 0.024818817708333333 0.0359644574074074
0 0.33563210156250006 0.13446488518518518 0.01983858750000002 0.026940183333333322
0 0.25777856484374995 0.17243187546296296 0.025569820312499984 0.03236671759259258
0 0.26889305130208335 0.24160783564814814 0.03860403697916664 0.05461154537037037
0 0.2972222013020833 0.15131284907407408 0.022844886979166645 0.03389751296296295
0 0.2185998359375 0.1965883467592593 0.033885621875000015 0.04314580833333334
0 0.23804241848958335 0.22301743796296297 0.03769858697916666 0.044990581481481495
0 0.1791391453125 0.1989147115740741 0.038277260416666674 0.050332571296296286
0 0.20442565286458333 0.17919472592592592 0.027329158854166678 0.04054559814814814
0 0.059052640104166665 0.2699674398148148 0.05608783541666667 0.06528430555555555
0 0.18509773411458333 0.2601568430555556 0.05330910677083332 0.06981291574074072
0 0.08586958619791667 0.28710526342592596 0.0620334703125 0.06494414722222222