0 0.32147474270833337 0.1853778912037037 0.028389294791666644 0.03732758981481481
0 0.499970165625 0.176819625 0.02072617187500002 0.0384655425925926
0 0.5794374466145833 0.2956291486111111 0.04447212239583334 0.07308858240740743
0 0.5369800729166666 0.18096342407407406 0.02278006874999997 0.036406637037037025
0 0.4168506940104167 0.355841600925926 0.04844913489583333 0.0781175962962963
0 0.23583346223958335 0.26682033518518516 0.04687816302083334 0.0626608814814815
0 0.55208584453125 0.2288225597222222 0.03266531614583338 0.054352526851851844
0 0.498806746875 0.21963787037037036 0.02624692916666665 0.044703829629629654
0 0.3054748533854167 0.19441005601851852 0.030062484895833328 0.043889278703703696
0 0.33284649843749997 0.1748316310185185 0.02367518750000001 0.03249938425925926
0 0.2642632010416667 0.23635829675925923 0.041070524999999976 0.05190470648148149
0 0.5300276598958333 0.16086362175925925 0.021371428124999998 0.034690856481481486
0 0.46253094661458327 0.17415866111111114 0.021298313020833307 0.03548380555555555
0 0.6226597466145833 0.15870347175925925 0.02374572760416669 0.028871041666666663
0 0.5224317075520833 0.3725223398148148 0.04605773281249999 0.08599034074074076
0 0.5185202916666667 0.5143695412037037 0.06847178125 0.12304359722222229
0 0.28585619921875 0.21910136203703703 0.03502422968750001 0.04847821851851851
0 0.44543878203125 0.23417838750000003 0.027579148437499985 0.04957998796296297
0 0.3420219901041667 0.1601081064814815 0.025031566666666668 0.0360132425925926
0 0.5150364872395834 0.12776102453703705 0.014217503645833319 0.02333138796296297
0 0.4701943872395834 0.1205917537037037 0.01336272552083333 0.024508829629629622
0 0.48907849010416665 0.1305903398148148 0.01659634895833335 0.028044637037037034
0 0.43579486197916667 0.2883326916666667 0.03700243645833332 0.06343007962962961
0 0.4932916481770833 0.1510734486111111 0.017246786979166668 0.028662660185185176
0 0.3102908453125 0.12450589814814816 0.019314447916666685 0.02829304444444446