0 0.2098783411458333 0.1421304912037037 0.02541623125000001 0.025702667592592595
0 0.21271068255208334 0.19961207361111113 0.03530203489583332 0.04336536574074075
0 0.11551382552083332 0.2674528046296296 0.05336225833333334 0.061510438888888894
0 0.24872961041666664 0.2114982111111111 0.03654708854166664 0.044856135185185185
0 0.17089304140625 0.2662113893518518 0.05254454635416668 0.06928258796296294
0 0.2311422427083333 0.22791091018518517 0.038167937500000006 0.04927806111111113
0 0.21331011458333335 0.1983908689814815 0.036631965625 0.040489804629629644
0 0.06418392239583334 0.2633314842592593 0.053989942708333336 0.06368539629629628
0 0.20683308463541666 0.23992658564814817 0.04416203489583334 0.06767597870370373
0 0.10754036901041666 0.24021395185185188 0.041997067187499994 0.053676562962962984
0 0.35883828802083334 0.1139591361111111 0.01431830729166664 0.021036105555555552
0 0.18412889661458334 0.19762227083333334 0.03200338697916667 0.04250946018518517
0 0.3322721955729167 0.14863408425925925 0.0225209869791667 0.03492205555555556
0 0.30807584140625 0.17084442453703705 0.022894096354166688 0.034946667592592594
0 0.5729150929687499 0.8924994291666667 0.1251191140625 0.21500114166666667
0 0.17631861380208333 0.22883504953703707 0.04434038802083335 0.04758700648148149
0 0.20228681588541667 0.18191589768518518 0.029201634895833332 0.029045006481481478
0 0.15424865078125 0.2097823537037037 0.03282407135416667 0.04461432592592592
0 0.289887046875 0.18090827314814817 0.02688274375 0.043766727777777785
0 0.27244943802083327 0.19543784814814816 0.02900223750000001 0.04015087592592592
0 0.25193980546875 0.1775942976851852 0.03110618593750001 0.034967139814814814
0 0.8895988463541666 0.9590320726851852 0.22080230729166672 0.08193585462962963