0 0.26314921380208334 0.17227444814814813 0.029783090104166673 0.03591897777777778
0 0.35740084635416663 0.8312828064814813 0.13390595104166667 0.24864541481481472
0 0.021313657291666666 0.23832092268518518 0.04262731458333333 0.06168133796296297
0 0.10815456328125 0.2757945453703704 0.054689097395833344 0.06217852037037038
0 0.7367027919270834 0.2886902416666666 0.06317685468750002 0.06808109999999998
0 0.21075460104166666 0.24044559629629628 0.04237016041666666 0.06138441296296296
0 0.04299182291666667 0.281387300462963 0.06189197708333334 0.06777643240740742
0 0.14674661171875 0.23977834953703706 0.04688614218749999 0.06549498981481479
0 0.17965743567708334 0.26405817685185184 0.05137556406249999 0.06684615555555558
0 0.6135366442708333 0.2860020106481482 0.08812370312499998 0.06381491203703701
0 0.36731483125 0.11584270601851852 0.019647820833333305 0.023035713888888882
0 0.5263552031250001 0.14686974444444445 0.019587643750000026 0.028200248148148144
0 0.5482522010416666 0.7175532023148148 0.10506356562500005 0.19992042870370366