0 0.5517801601562501 0.7014966898148147 0.10315634427083337 0.1979369555555556
0 0.3065224804687501 0.14707746851851852 0.021591218229166684 0.0247082888888889
0 0.28848651249999996 0.18520740185185186 0.02849731458333332 0.036928120370370375
0 0.5167029700520833 0.12564587083333334 0.01575934114583332 0.02335315277777778
0 0.5130903721354166 0.36902328749999996 0.046903515104166675 0.0807306638888889
0 0.5718791325520833 0.20315451435185186 0.029124069270833292 0.04204624351851852
0 0.64254970546875 0.45114503101851855 0.07621218385416668 0.14671902129629635
0 0.10366148958333334 0.23572569305555557 0.05163208645833332 0.0635156564814815
0 0.5762556393229167 0.2862142638888889 0.04104200989583333 0.060487507407407395
0 0.4458450315104167 0.22618887870370372 0.03025843281249999 0.046386449999999996
0 0.46499830859375 0.14422204027777777 0.01774202968750001 0.02814968240740741
0 0.23248861640625001 0.19382408935185186 0.03440806093750002 0.03850854907407408
0 0.4917257151041667 0.11752477638888889 0.012642065625000025 0.019912239814814825
0 0.49644076015625 0.1839017662037037 0.022192001562500015 0.03598110092592593
0 0.5260100684895833 0.14874612314814814 0.02096239739583338 0.033086451851851835
0 0.49300160390625 0.13678908888888888 0.016322994270833332 0.025534014814814824
0 0.18071173046875 0.19679494768518518 0.035567919270833345 0.04460946574074074
0 0.18078162682291668 0.8009632537037037 0.16199779531249997 0.22423643888888886
0 0.5392018158854166 0.1760657560185185 0.022106520312500006 0.035933515740740746
0 0.07779854166666667 0.3389846662037037 0.07598005937499999 0.08435581388888891
0 0.2760654924479167 0.16296970231481483 0.026641941145833344 0.04109805092592593
0 0.28244155260416665 0.22388823518518516 0.036004575 0.04895532407407407
0 0.3483883856770833 0.15038905 0.019971656770833353 0.02939056111111111
0 0.45823195755208335 0.17495282546296295 0.022010103645833348 0.038036149074074065
0 0.5017558572916666 0.22221002962962966 0.030107975000000013 0.04833953333333335
0 0.11596226302083332 0.26476491342592595 0.05673469687499999 0.06871445277777778
0 0.22492053489583333 0.23501996620370366 0.041774574999999994 0.04996501759259257
0 0.39366501171874996 0.5672730050925926 0.08353567135416663 0.14477143425925929
0 0.50769829765625 0.27808368796296296 0.03530060468749999 0.05886563888888887
0 0.49302016875 0.15903128935185185 0.01642319374999997 0.02943481203703705