0 0.5001309075520833 0.25854432824074075 0.030161984895833348 0.05253567129629628
0 0.32496738411458337 0.11793955 0.016902669270833334 0.022305375925925935
0 0.5236692427083333 0.14383064537037038 0.017531458333333323 0.027752035185185178
0 0.10025113020833333 0.32001537685185183 0.067003703125 0.07491398518518519
0 0.514960575 0.1136703912037037 0.012865575000000008 0.02259374537037036
0 0.185144003125 0.2264220625 0.04329721145833334 0.04652969907407407
0 0.4566959221354167 0.18319796111111109 0.02263797135416669 0.034658205555555543
0 0.23941233958333333 0.2650134611111111 0.051603348958333344 0.0677698203703704
0 0.38765079192708335 0.09853003055555555 0.010892200520833306 0.015300375925925924
0 0.05916025833333333 0.13113344722222223 0.04214330937500001 0.02566456296296297
0 0.08643994348958334 0.25285545648148144 0.05440740572916668 0.05533181666666667
0 0.4688777609375 0.11480857037037037 0.011479632291666656 0.019274337037037032
0 0.49627380338541666 0.15701088333333332 0.01897017135416667 0.02966287407407406
0 0.5187066078125 0.37025503981481483 0.04849529270833332 0.08592164814814816
0 0.2559380927083333 0.532451375462963 0.07539798437499998 0.13176348611111108
0 0.5406177044270833 0.18548412314814816 0.027055963020833337 0.04374882777777779
0 0.5527902283854167 0.2317206486111111 0.033493486979166674 0.05357773425925924
0 0.48870398229166667 0.11655541157407409 0.01269156145833333 0.01971205277777779
0 0.4468771296875 0.24376730046296297 0.03242924999999997 0.06253485462962963
0 0.20613480416666666 0.44824101481481476 0.09753317812499998 0.10824491666666668
0 0.46177887916666666 0.1468000199074074 0.015340518750000006 0.02860864722222221