0 0.22450372369791666 0.20582257731481482 0.03197545989583332 0.04476568425925925
0 0.6309252101562499 0.37826155185185184 0.1400294619791667 0.12048184444444443
0 0.55331104609375 0.8038925740740741 0.12174641302083332 0.24637948518518527
0 0.9853810309895833 0.7400216000000001 0.029237938020833337 0.2578858555555556
0 0.10931065885416666 0.26933573981481485 0.05755227395833332 0.0716612074074074
0 0.15366617421875 0.2079551550925926 0.042021059895833344 0.05059656203703703
0 0.2588660158854167 0.17750832592592589 0.02860655781250001 0.04085872777777776
0 0.18625213281250003 0.2203386162037037 0.034437465625000004 0.046544717592592585
0 0.2822357333333334 0.19082498935185183 0.029679775000000023 0.04254110833333334
0 0.32816868645833336 0.8525823527777778 0.13706084895833337 0.24990596111111116
0 0.29286011067708334 0.17593058148148147 0.02976376197916668 0.04118128148148149
0 0.22957958385416663 0.1921594476851852 0.03598214791666665 0.04189446018518518
0 0.24341646041666667 0.21708686203703706 0.04063925729166667 0.055618144444444455
0 0.8326380408854167 0.9005404717592592 0.22179654427083334 0.19891905648148148
0 0.09286750156250001 0.2508644601851852 0.045736471875000004 0.06124851111111111
0 0.17919467291666666 0.26724354027777775 0.05120852812500001 0.06898259722222222
0 0.07128516041666666 0.45920869305555556 0.14257032083333332 0.13560878611111113
0 0.20723094140624998 0.24121361435185182 0.048816538020833335 0.06404940277777776
0 0.016150381249999998 0.2472374037037037 0.032300762499999996 0.058215770370370394
0 0.2638922213541666 0.20224451851851852 0.031846014583333325 0.04381590925925925
0 0.14795497682291667 0.23855626851851855 0.04401574947916666 0.056801477777777803
0 0.34690488203125003 0.1338381449074074 0.02057177239583332 0.0299593324074074
0 0.27709697864583327 0.16183714027777776 0.026805543749999987 0.037180060185185174
0 0.0484120546875 0.2696544217592593 0.05892120625 0.06896102314814817
0 0.18560558151041667 0.19189528703703704 0.034240770312499995 0.043218387037037044