0 0.9914493877604167 0.7800777861111111 0.017101224479166652 0.21434574814814808
0 0.35574310598958336 0.8297185828703703 0.13017257031249999 0.2501788101851851
0 0.17899561744791667 0.2228996699074074 0.035446723437499994 0.050691760185185175
0 0.26296012421875 0.20677420277777778 0.03380856510416666 0.043634075925925914
0 0.3962664763020833 0.4048875601851852 0.14134511927083332 0.10223388703703704
0 0.5958150549479166 0.9509065981481482 0.16802171093749999 0.0981868037037037
0 0.21202228046875002 0.2081456648148148 0.037855100520833344 0.04674176851851852
0 0.07172817213541666 0.25543441064814815 0.048598516145833326 0.0523032435185185
0 0.18036096875 0.2661566273148148 0.05104805625 0.06693618240740741
0 0.49485991796875 0.4397167342592593 0.1442032494791667 0.10850926111111116
0 0.2245665234375 0.17508116851851852 0.027965132291666677 0.036885127777777776
0 0.16948707083333334 0.7898264564814814 0.15864564583333335 0.20741961481481483
0 0.8811270713541667 0.9383800930555556 0.23774585729166672 0.12323981388888894
0 0.1272590203125 0.22142170833333333 0.04849156562500001 0.059317398148148126
0 0.23608284791666667 0.4377716347222222 0.15006737708333334 0.12652446574074078
0 0.28773099583333334 0.18230949675925925 0.02673667291666669 0.0386301675925926
0 0.5108113924479166 0.11825968101851853 0.015108617187500013 0.02301698611111111
0 0.5055131437499999 0.20649281990740742 0.02535327291666665 0.04691790833333332
0 0.06492774869791666 0.13969723009259258 0.048708049479166654 0.031085332407407407
0 0.24175888697916664 0.18595855833333333 0.030159982291666675 0.03747427222222223
0 0.24200130286458332 0.21580151388888888 0.04071494739583332 0.059042485185185185
0 0.10763097604166666 0.27618702083333335 0.05433328958333332 0.06393941203703701
0 0.14749929895833336 0.24142969629629626 0.04729787500000001 0.0635629296296296
0 0.018001645833333337 0.2342697712962963 0.03600329166666667 0.055140516666666674
0 0.5487256369791667 0.7162482648148149 0.10383351666666663 0.1933084555555556
0 0.27194418125 0.1688512449074074 0.024454545833333324 0.03400019907407407
0 0.2729563236979167 0.18885123657407407 0.030042361979166692 0.043936525000000004
0 0.8450538638020834 0.4061617532407408 0.1296881359375 0.09490910277777775
0 0.10492951458333333 0.4170615023148148 0.13347366666666666 0.09597184907407405
0 0.4803786596354166 0.2440555152777778 0.03052959427083331 0.05278732870370372
0 0.04355594609375 0.28230370462962967 0.06108446927083334 0.0641556351851852
0 0.02482618098958333 0.39343860740740744 0.04965236197916666 0.07787955925925924
0 0.5177783171875 0.14352520833333335 0.018033249999999987 0.031277705555555556
0 0.43587673489583334 0.32011389583333333 0.08604332604166665 0.07326284351851853
0 0.7382807729166667 0.7480690569444445 0.14058882395833336 0.2003948638888889
0 0.211188721875 0.24177942592592594 0.04188427916666668 0.06265747592592592
0 0.4952029703125 0.16313902500000002 0.021109548958333352 0.038456457407407406
0 0.29425010677083335 0.1458320972222222 0.022475369791666644 0.032945462962962954