0 0.22108909296875 0.19447099166666665 0.028969796354166664 0.03746125925925925
0 0.1874071916666667 0.26014808333333334 0.052619139583333335 0.07284189814814815
0 0.2755574942708333 0.16148307222222225 0.023220872916666687 0.03191452037037037
0 0.08625527421875 0.28632203564814823 0.061589602604166675 0.06573720833333335
0 0.23632054322916665 0.2683521412037037 0.04743134166666666 0.05889836018518519
0 0.16431597890625 0.23084094444444445 0.03713034010416667 0.04719137962962963
0 0.17708218072916668 0.1980794625 0.03263058645833335 0.04205527129629629
0 0.2037080765625 0.1770261412037037 0.028143501041666675 0.0363794675925926
0 0.21192203359374998 0.23961394305555553 0.04090822552083333 0.05108019537037036
0 0.24178227578125 0.18049232361111112 0.027922232812499993 0.036922695370370365
0 0.09714727421875 0.23790346805555554 0.05177971510416666 0.05721297129629627
0 0.13946778776041668 0.2524429180555556 0.04917340260416667 0.06265826759259259
0 0.14393714661458332 0.21598906342592594 0.04083530885416667 0.0441522101851852
0 0.2648298424479167 0.1999737490740741 0.03694810885416668 0.05010197962962964
0 0.23910050390625 0.22296998796296297 0.035815970312499994 0.047799512962962976
0 0.5672665596354167 0.8301550412037036 0.12535521197916666 0.24252918425925912
0 0.35322424583333334 0.11473834768518518 0.017033704166666653 0.02231621203703703
0 0.060239398697916675 0.26724243148148147 0.0522105296875 0.06076343703703702