0 0.7181656838541667 0.38345435787037035 0.12965819062499997 0.10162545648148148
0 0.9918272653645833 0.7893608092592592 0.01634546927083337 0.23510939999999997
0 0.06908155286458334 0.45283583194444443 0.13816310572916668 0.1310651712962963
0 0.96457274765625 0.381670775462963 0.07085450468750001 0.09398187685185186
0 0.24238483906249997 0.2158713236111111 0.038887961458333314 0.0591118564814815
0 0.17878592031249999 0.21986772083333336 0.04241143854166666 0.04258663055555558
0 0.6990723611979167 0.35643022314814815 0.10629940052083336 0.07940210370370372
0 0.3080612739583334 0.4132444171296296 0.14115990000000003 0.10159999722222224
0 0.8820672036458334 0.9399423106481483 0.23586559270833335 0.12011537870370369
0 0.35748658203125 0.8306240787037037 0.13376544322916667 0.2516955907407406
0 0.06749884895833333 0.25719220925925923 0.054696357291666664 0.06093228703703704
0 0.1698409953125 0.7948709560185185 0.15729878749999998 0.22448447870370367
0 0.22577058463541666 0.35311092777777775 0.12523476302083333 0.08528860555555555
0 0.21086564869791669 0.2409009296296296 0.042771386979166666 0.06467449074074075
0 0.056225454687499996 0.3909816462962963 0.11245090937499999 0.09265156481481482
0 0.9515295981770834 0.3172669587962963 0.09694080364583328 0.0838498712962963
0 0.6091107846354168 0.9505816708333333 0.19051853802083335 0.09883665833333337
0 0.17981286848958333 0.2648047759259259 0.05072957656249999 0.06975658518518518
0 0.0212313375 0.23484791666666666 0.042462675 0.05418615000000002
0 0.7393170989583333 0.7471700597222222 0.13886750520833335 0.20327691018518512
0 0.14935909114583332 0.24187064722222223 0.051197608333333346 0.06985034259259258
0 0.21457065729166666 0.20780431249999998 0.037641763541666685 0.04432063611111111
0 0.35643585494791663 0.1111395449074074 0.01546443281250003 0.022568808333333346
0 0.5486488502604167 0.7158770245370372 0.10387531927083339 0.19179150648148147
0 0.043897750781249995 0.28093783101851855 0.06039077031249999 0.0627029138888889
0 0.10788321119791666 0.27551621342592597 0.05200335989583334 0.06330444907407408