0 0.24016689453124998 0.16518419027777778 0.029990339062500006 0.032161260185185184
0 0.1669009127604167 0.2716875995370371 0.05145233489583333 0.06084046574074072
0 0.10474925442708333 0.24403752175925925 0.05067918281249999 0.05637448611111111
0 0.7495720861979166 0.3708877847222222 0.0608279546875 0.07895281759259261
0 0.2841480333333333 0.24173866574074077 0.036366510416666685 0.05897024629629631
0 0.2059228580729167 0.4477397074074074 0.0993260703125 0.11186899259259254
0 0.9300292333333334 0.5680095527777779 0.13879483541666673 0.13877687777777772
0 0.28054372499999997 0.14361755185185185 0.020956770833333315 0.028650707407407418
0 0.7185290653645834 0.737035087037037 0.1268272401041667 0.19857149444444447
0 0.5027768135416666 0.28111932500000003 0.03697166458333333 0.057549907407407425
0 0.30620007499999996 0.16536616574074076 0.02344738645833336 0.03377552777777779
0 0.2464548033854167 0.18575471249999997 0.03052312552083333 0.03950143055555554
0 0.6365869838541667 0.2979106902777778 0.051546541666666695 0.062486521296296275
0 0.09134614479166665 0.32199907685185186 0.07317983333333333 0.08332327407407406
0 0.19900203567708333 0.2195367101851852 0.039656209895833336 0.04704627962962962
0 0.5127306140625 0.3714419050925926 0.049719079166666624 0.08563379351851849
0 0.45734232265625 0.20832035648148148 0.026625792187500014 0.04048943703703703
0 0.5403260705729167 0.7571450976851851 0.10916744843750005 0.20851333055555554
0 0.27472736015625 0.16439001944444445 0.027685769270833306 0.035830787037037036
0 0.4891602833333334 0.11087649629629628 0.015496508333333322 0.02292516481481482
0 0.3255589169270834 0.15203075416666667 0.022604433854166692 0.028680858333333326
0 0.00811365234375 0.4580231842592593 0.0162273046875 0.13564826111111114
0 0.5257010778645833 0.4906809060185185 0.06243019114583331 0.11450237685185187
0 0.19095119635416666 0.1891037199074074 0.03806891458333332 0.047435802777777786
0 0.4518337729166667 0.24214988981481483 0.03339357395833335 0.05369596111111111
0 0.5722544033854168 0.2903491694444444 0.04719092031250002 0.07480652407407407
0 0.43121620833333335 0.3552596342592592 0.04815349583333332 0.09008746666666667
0 0.3957641283854167 0.5000132101851852 0.07452341718750001 0.12902405370370365
0 0.22261905677083332 0.1988029412037037 0.034955660416666666 0.04116316944444444
0 0.6334780692708333 0.47458003009259264 0.07502892812500003 0.11497681203703704
0 0.3329494158854167 0.12814374537037035 0.019134267187500005 0.02495349629629631
0 0.2971920651041666 0.17705276666666667 0.028609593750000013 0.039291198148148146
0 0.5451280278645834 0.21532659166666665 0.025955645312500053 0.04314397222222221