0 0.2615809200520833 0.2030125439814815 0.034640550520833306 0.04223281018518518
0 0.7069092432291666 0.3916681787037037 0.1298337302083334 0.08894040185185186
0 0.14846175494791666 0.23963598981481482 0.0445151328125 0.05958542962962962
0 0.4400806588541667 0.3688044375 0.12220830937499999 0.09827680277777781
0 0.2952570916666667 0.17379191342592593 0.02745545729166666 0.03941215277777777
0 0.32309405807291663 0.8744598106481483 0.1423300265625 0.25108037870370364
0 0.28130455 0.1910994990740741 0.031592051041666645 0.0399576962962963
0 0.87458362578125 0.9447350115740741 0.2508327484375 0.11052997685185188
0 0.5971861361979166 0.4196553125 0.12957029322916663 0.09562267685185186
0 0.21225884791666666 0.2136952791666667 0.03416125000000001 0.04611196203703703
0 0.9892841338541667 0.3951126097222222 0.021431732291666707 0.05597805462962963
0 0.8742433231770834 0.3882967777777777 0.1328386307291667 0.09167178148148146
0 0.4975807348958333 0.2264216810185185 0.029650592708333316 0.05463983055555557
0 0.5829080263020833 0.33619384722222223 0.09844582864583333 0.07305970370370374
0 0.20729219140625002 0.2404419365740741 0.04692932760416667 0.06140642500000003
0 0.015270313541666667 0.24763844074074076 0.030540627083333334 0.055863401851851846
0 0.99281374609375 0.7801289879629629 0.014372507812500027 0.21868840000000006
0 0.17929960078124998 0.2691826152777778 0.04995748177083333 0.06368899907407405
0 0.11070200989583334 0.2699738324074074 0.05841651770833334 0.06701079444444444
0 0.8333954177083333 0.41223927222222223 0.14284356458333333 0.09931035925925924
0 0.55305086796875 0.8098176458333333 0.12152646406249996 0.25630781388888885
0 0.22292309609375002 0.20487608055555556 0.03598071718750002 0.035349655555555554
0 0.6051415122395833 0.3549449212962963 0.11224250781250002 0.07954847592592593
0 0.04923439244791667 0.27275967037037036 0.056792652604166674 0.06664756481481483
0 0.4943876744791667 0.39730504351851853 0.13244975416666668 0.0941136111111111
0 0.25864376223958335 0.1797251384259259 0.027761061979166644 0.03613007129629629
0 0.18993508020833333 0.2249091398148148 0.03577165625 0.042346162962962966
0 0.24021205104166665 0.2162378875 0.04332137083333333 0.05049722500000003
0 0.32003323229166664 0.12186243611111112 0.017965380208333315 0.0249017574074074
0 0.23869809322916663 0.3888530449074074 0.16719565416666662 0.09078925833333332
0 0.4665053208333333 0.2599090435185185 0.03569084791666667 0.053391944444444436
0 0.14601762291666667 0.42400430787037036 0.13618968333333334 0.1130689268518518
0 0.19578974244791666 0.1878173263888889 0.035783910937499996 0.0454042787037037