0 0.108516534375 0.2682212685185185 0.05655819583333332 0.0734503
0 0.1790141583333333 0.2694449180555556 0.05090084062500001 0.06797921944444446
0 0.7055631953124999 0.23974539398148148 0.04362201666666662 0.04868546944444442
0 0.16244693619791667 0.2288320611111111 0.04531639427083333 0.05926296111111111
0 0.2994030158854166 0.13364520648148145 0.020017401562499988 0.03055784444444443
0 0.34607286458333336 0.13254903842592594 0.02037913020833333 0.03192108981481483
0 0.33026631692708336 0.13116264027777777 0.017667452604166675 0.029720228703703704
0 0.2704533497395834 0.16657635046296296 0.025003703645833337 0.03752358055555555
0 0.7347265559895834 0.29886581944444446 0.05501778906249998 0.06619268333333331
0 0.29991478932291665 0.16948129907407408 0.029686069270833334 0.04484706481481482
0 0.7396988552083333 0.2687136189814815 0.036731338541666624 0.05532161574074074