0 0.52882679296875 0.415133525462963 0.05672159218750004 0.09494515833333333
0 0.8732668877604167 0.9676441898148147 0.2534662244791666 0.06471162037037038
0 0.014610398697916667 0.23900224166666664 0.029220797395833335 0.05493319444444443
0 0.33848039296875 0.1112302574074074 0.014729404687499977 0.02249397037037037
0 0.26189146822916665 0.17553537824074072 0.02652293854166666 0.03460985833333333
0 0.3069917677083333 0.16931728749999997 0.025555356249999998 0.03717738981481481
0 0.009993639583333333 0.3465076449074074 0.019987279166666667 0.11894562314814815
0 0.19822418697916666 0.19130625555555553 0.03471334791666667 0.04044654259259259
0 0.07565893723958333 0.26059464398148147 0.05385170781250001 0.05856659537037037
0 0.18078195234375 0.8020803662037037 0.16241509114583333 0.2254563509259259
0 0.34077506093750004 0.1402888050925926 0.01892436354166668 0.031175867592592596
0 0.33052694010416667 0.14686280046296296 0.020483176041666697 0.0321801787037037
0 0.08201829375 0.2041489990740741 0.041122694791666664 0.04363998148148148
0 0.5123400213541667 0.3177344990740741 0.040327167708333354 0.07064050740740739
0 0.2768767354166667 0.16164418703703703 0.02398751562500001 0.031646177777777784
0 0.17594826223958332 0.26253626759259263 0.053608878645833316 0.08372839444444442
0 0.08179224713541666 0.34724696111111114 0.07537746406250001 0.08583648148148147
0 0.54233218828125 0.7508455625 0.10707133593749998 0.211614537962963
0 0.6271396 0.4301533175925926 0.06829783125000001 0.1036241888888889
0 0.3918070473958333 0.6414896925925927 0.09312458020833336 0.176480837037037
0 0.24014169375 0.18471411296296297 0.03241198854166667 0.04702349074074074
0 0.28718514427083336 0.18025959120370372 0.03012030937500002 0.043905639814814816
0 0.29381486588541667 0.15161803148148145 0.017827701562500013 0.029594548148148138
0 0.16750407239583334 0.20011390416666666 0.038585217708333334 0.04746260462962963
0 0.31789102578125006 0.16051632175925926 0.02113075260416668 0.03438306759259259
0 0.13523704635416667 0.22068747083333334 0.044644347916666674 0.05199308055555558
0 0.26757913411458334 0.19879409675925927 0.032653760937500005 0.04091871759259259
0 0.4662642161458333 0.15662997916666666 0.019643656250000006 0.033251543518518514
0 0.7111657778645832 0.6349564726851852 0.11896584843749997 0.1686423972222222
0 0.2995504296875 0.9617529694444444 0.19272252708333332 0.07649406111111116
0 0.43964292213541667 0.3207010907407407 0.04561312968750002 0.07909545925925925
0 0.42258715625 0.42361659305555555 0.06181942604166668 0.11089737499999999
0 0.49960452734375 0.10920413657407409 0.011899725520833352 0.017917293518518524
0 0.23927489921875 0.21884264722222221 0.03665329635416666 0.047998851851851834
0 0.6770196598958333 0.205892125 0.03401673645833334 0.03978457962962962
0 0.09638593984375002 0.27371949074074076 0.058838176562500004 0.07214787777777779
0 0.4692197640625 0.11493340925925925 0.014778041666666653 0.018915953703703695
0 0.19537002213541665 0.21506498148148148 0.03870121614583333 0.05226625555555557
0 0.22831176145833335 0.16969723842592593 0.02611303333333333 0.03831618981481481