0 0.024128156770833336 0.33244072268518515 0.04825631354166667 0.09263882129629626
0 0.16789448255208334 0.19669935416666667 0.039743311979166675 0.048557224999999996
0 0.21426996406249998 0.1972667476851852 0.034811512499999996 0.047431225000000014
0 0.29225486119791666 0.17967389444444448 0.026785405729166694 0.041676301851851866
0 0.25704840781250005 0.17400344583333333 0.026840988541666663 0.038304025
0 0.23953633307291666 0.2664976472222222 0.046596813020833315 0.0599328222222222
0 0.1828443765625 0.22072489722222222 0.03970475208333335 0.049581033333333364
0 0.27344895234375 0.16273165833333333 0.02323428802083335 0.03436382407407408
0 0.12665911901041668 0.22451412037037038 0.043522747395833346 0.05546733703703705
0 0.12249784479166666 0.3118325976851852 0.06631196354166667 0.06997844537037039
0 0.2586410203125 0.2024404310185185 0.03912614166666669 0.05179788055555555
0 0.1881367765625 0.3161586342592593 0.05246167187499999 0.07160605000000002
0 0.5262108802083334 0.42274085185185184 0.06206417083333336 0.14157974814814817
0 0.017300605729166665 0.42840032175925924 0.03460121145833333 0.11986075462962963
0 0.06727003489583333 0.26231924027777775 0.052667709375 0.05820103425925927
0 0.28901233671875004 0.15325019953703706 0.021347872395833356 0.030644749074074072
0 0.27067257578125 0.19328023472222225 0.03213005052083335 0.04433490648148148
0 0.5121907869791666 0.17449590185185188 0.02164179479166665 0.03444633518518519
0 0.91758461015625 0.3155478444444445 0.10130869531249995 0.06860292222222224