0 0.2903458359375 0.23886957500000003 0.05475665729166668 0.06537540555555554
0 0.17346160416666667 0.2702590657407408 0.04777983020833334 0.06555237962962966
0 0.33403490390625 0.1723253180555556 0.02558399843749998 0.03827387500000001
0 0.27885180312499996 0.2256836787037037 0.03889304791666669 0.05400091111111112
0 0.051002540364583335 0.2754487074074074 0.059184332812500004 0.06011767962962964
0 0.19930352369791665 0.24730937361111113 0.04287788072916667 0.058496813888888916
0 0.09433436380208333 0.2499810537037037 0.05161615989583333 0.06386258148148148
0 0.6872938791666667 0.22220836944444441 0.03275960312499997 0.04491052962962962
0 0.056413437760416664 0.22082450972222223 0.043241767187499995 0.04829894166666669
0 0.23155627239583332 0.1887623111111111 0.03114140833333332 0.04621692222222222
0 0.1107977828125 0.2710835847222222 0.056277410416666666 0.07243876944444444